Параметры
20.000 - скорость невозмущенного потока, м/с: 
 1.000 - хорда лопасти, м: 
 4.000 - высота  лопасти, м: 
   1.210 - плотность воздуха, кг/м^3: 
 4.0000 - площадь лопасти, м^2
26.6000 - oкружная скорость лопасти, м/с
1.330 - быстроходность ВК
------------------------------------------------------------
|Угол,град.    |Относительная |Силы,H	                    |
|	       |скорость,м/с  |Тянущая       |Радиальная    |
-------------------------------------------------------------
|     0.00     |  46.6000     | -451.9451     | 7987.8663     |
|    10.00     |  46.4262     | -166.9138     | 4537.9696     |
|    20.00     |  45.9063     |   0.0000     | 2881.4384     |
|    30.00     |  45.0445     |   0.0000     | 2666.2422     |
|    40.00     |  43.8478     |   0.0000     | 2526.4529     |
|    50.00     |  42.3259     |   0.0000     | 2449.4988     |
|    60.00     |  40.4915     |  83.3224     | 2325.0928     |
|    70.00     |  38.3597     | 153.1211     | 2474.8644     |
|    80.00     |  35.9489     | 203.2822     | 2276.7606     |
|    90.00     |  33.2800     | 268.0295     | 2447.1095     |
|   100.00     |  30.3776     | 339.4421     | 2280.0686     |
|   110.00     |  27.2700     | 350.9287     | 1916.6106     |
|   120.00     |  23.9908     | 362.1424     | 1543.2836     |
|   130.00     |  20.5824     | 290.1300     | 1158.4695     |
|   140.00     |  17.1023     | 200.3138     | 784.2675     |
|   150.00     |  13.6422     | 107.6417     | 479.6586     |
|   160.00     |  10.3792     |  39.6263     | 243.4933     |
|   170.00     |   7.7282     |   4.7696     | 122.4198     |
|   180.00     |   6.6000     |  -9.0657     | 160.3365     |
|   190.00     |   7.7282     |   0.0000     |  31.3638     |
|   200.00     |  10.3792     |  68.0426     | -300.3258     |
|   210.00     |  13.6422     | 166.6420     | -548.1170     |
|   220.00     |  17.1023     | 292.3308     | -876.9923     |
|   230.00     |  20.5824     | 423.4052     | -1258.9385     |
|   240.00     |  23.9908     | 529.2850     | -1665.8548     |
|   250.00     |  27.2700     | 606.4768     | -2112.7708     |
|   260.00     |  30.3776     | 678.8843     | -2572.6141     |
|   270.00     |  33.2800     | 699.5570     | -3028.7336     |
|   280.00     |  35.9489     | 612.9740     | -3399.5038     |
|   290.00     |  38.3597     | 580.4358     | -3753.2477     |
|   300.00     |  40.4915     | 388.8380     | -4055.0254     |
|   310.00     |  42.3259     | 234.1114     | -4240.0174     |
|   320.00     |  43.8478     |   0.0000     | -4145.6160     |
|   330.00     |  45.0445     | -319.1634     | -2882.2913     |
|   340.00     |  45.9063     | -662.9858     |   0.0000     |
|   350.00     |  46.4262     | -907.5939     | 3400.8692     |
------------------------------------------------------------
